0.011960 0.021910 0.015940 0.019920 0.027881 0.013950 0.031861 0.015940 0.025891 0.027881 0.025891 0.015940 0.017930 0.017930 0.021910 0.021910 0.019920 0.017930 0.029871 0.015940 0.013950 0.029871 0.023900 0.025891 0.013950 0.015940 0.011960 0.013950 0.015940 0.023900 0.023900 0.013950 0.017930 0.027881 0.005990 0.013950 0.037831 0.023900 0.031861 0.017930 0.019920 0.013950 0.023900 0.013950 0.009970 0.017930 0.015940 0.027881 0.017930 0.015940 
0.005931 0.015783 0.009872 0.021695 0.027606 0.011842 0.015783 0.015783 0.027606 0.017754 0.025635 0.011842 0.021695 0.015783 0.021695 0.017754 0.027606 0.025635 0.031547 0.019724 0.019724 0.031547 0.015783 0.017754 0.017754 0.029576 0.027606 0.019724 0.017754 0.023665 0.025635 0.021695 0.015783 0.015783 0.029576 0.029576 0.013813 0.013813 0.019724 0.017754 0.019724 0.015783 0.017754 0.023665 0.013813 0.017754 0.019724 0.021695 0.023665 0.013813 
0.019418 0.015538 0.023298 0.019418 0.011659 0.019418 0.015538 0.011659 0.021358 0.015538 0.036877 0.029117 0.021358 0.023298 0.021358 0.021358 0.009719 0.019418 0.015538 0.021358 0.021358 0.013598 0.015538 0.017478 0.027177 0.011659 0.009719 0.027177 0.025238 0.017478 0.021358 0.025238 0.029117 0.027177 0.025238 0.023298 0.011659 0.017478 0.019418 0.021358 0.019418 0.027177 0.015538 0.015538 0.032997 0.015538 0.017478 0.013598 0.017478 0.025238 
0.036128 0.018074 0.014062 0.016068 0.024092 0.014062 0.030110 0.016068 0.014062 0.018074 0.022086 0.012056 0.010050 0.026098 0.014062 0.028104 0.024092 0.022086 0.022086 0.030110 0.024092 0.020080 0.034122 0.022086 0.028104 0.030110 0.018074 0.024092 0.012056 0.008044 0.024092 0.016068 0.016068 0.012056 0.022086 0.022086 0.020080 0.024092 0.022086 0.016068 0.018074 0.022086 0.008044 0.014062 0.020080 0.024092 0.016068 0.016068 0.018074 0.016068 
0.025635 0.019724 0.009872 0.019724 0.023665 0.029576 0.021695 0.009872 0.019724 0.017754 0.013813 0.021695 0.019724 0.025635 0.013813 0.017754 0.015783 0.025635 0.005931 0.023665 0.019724 0.021695 0.017754 0.021695 0.023665 0.019724 0.027606 0.029576 0.019724 0.031547 0.021695 0.013813 0.021695 0.015783 0.039429 0.009872 0.027606 0.011842 0.015783 0.015783 0.011842 0.023665 0.007901 0.023665 0.023665 0.013813 0.025635 0.011842 0.027606 0.023665 
0.017966 0.017966 0.009990 0.019960 0.013978 0.017966 0.011984 0.031924 0.029930 0.027936 0.023948 0.023948 0.015972 0.007996 0.007996 0.033918 0.025942 0.009990 0.017966 0.009990 0.019960 0.023948 0.015972 0.017966 0.017966 0.021954 0.025942 0.025942 0.023948 0.025942 0.021954 0.019960 0.017966 0.007996 0.013978 0.013978 0.017966 0.027936 0.027936 0.021954 0.025942 0.013978 0.019960 0.019960 0.013978 0.019960 0.021954 0.027936 0.019960 0.027936 
0.005862 0.031178 0.023389 0.027283 0.017546 0.007809 0.017546 0.017546 0.013651 0.011704 0.015599 0.015599 0.013651 0.023389 0.023389 0.013651 0.017546 0.021441 0.038968 0.021441 0.015599 0.013651 0.023389 0.021441 0.011704 0.044810 0.013651 0.021441 0.017546 0.021441 0.017546 0.019494 0.021441 0.029231 0.023389 0.031178 0.021441 0.029231 0.009757 0.025336 0.011704 0.017546 0.025336 0.015599 0.013651 0.013651 0.019494 0.017546 0.037020 0.017546 
0.033517 0.007901 0.009872 0.033517 0.027606 0.029576 0.023665 0.019724 0.025635 0.007901 0.015783 0.017754 0.013813 0.019724 0.025635 0.021695 0.027606 0.017754 0.011842 0.023665 0.011842 0.009872 0.017754 0.017754 0.021695 0.013813 0.017754 0.019724 0.023665 0.031547 0.023665 0.011842 0.011842 0.023665 0.025635 0.019724 0.009872 0.017754 0.033517 0.019724 0.019724 0.027606 0.013813 0.037458 0.027606 0.011842 0.009872 0.013813 0.025635 0.015783 
0.019608 0.009814 0.021567 0.015690 0.011773 0.025485 0.021567 0.023526 0.015690 0.019608 0.033320 0.021567 0.019608 0.019608 0.025485 0.017649 0.025485 0.021567 0.019608 0.029403 0.017649 0.015690 0.025485 0.021567 0.011773 0.019608 0.019608 0.009814 0.017649 0.021567 0.023526 0.017649 0.019608 0.019608 0.027444 0.019608 0.017649 0.015690 0.025485 0.023526 0.019608 0.009814 0.013732 0.019608 0.021567 0.023526 0.017649 0.023526 0.021567 0.021567 
0.019960 0.021954 0.021954 0.011984 0.027936 0.017966 0.019960 0.021954 0.031924 0.019960 0.015972 0.017966 0.025942 0.011984 0.019960 0.013978 0.027936 0.021954 0.021954 0.017966 0.019960 0.017966 0.019960 0.021954 0.025942 0.011984 0.025942 0.025942 0.021954 0.013978 0.019960 0.015972 0.017966 0.011984 0.013978 0.023948 0.013978 0.019960 0.023948 0.019960 0.017966 0.017966 0.025942 0.031924 0.021954 0.015972 0.015972 0.023948 0.013978 0.015972 
0.025385 0.013678 0.015629 0.027337 0.025385 0.029288 0.027337 0.027337 0.015629 0.013678 0.021483 0.009776 0.021483 0.023434 0.023434 0.021483 0.031239 0.021483 0.021483 0.023434 0.009776 0.009776 0.015629 0.029288 0.029288 0.029288 0.019532 0.019532 0.025385 0.017580 0.019532 0.013678 0.009776 0.023434 0.015629 0.017580 0.023434 0.017580 0.011727 0.015629 0.021483 0.019532 0.007824 0.021483 0.025385 0.017580 0.019532 0.015629 0.021483 0.017580 
0.015877 0.017859 0.025788 0.023806 0.017859 0.025788 0.025788 0.017859 0.029752 0.017859 0.029752 0.015877 0.031734 0.021824 0.015877 0.015877 0.023806 0.021824 0.023806 0.023806 0.023806 0.023806 0.023806 0.009931 0.015877 0.023806 0.015877 0.005966 0.015877 0.017859 0.021824 0.017859 0.013895 0.029752 0.025788 0.021824 0.013895 0.027770 0.007948 0.017859 0.015877 0.019841 0.015877 0.017859 0.015877 0.011913 0.035699 0.017859 0.017859 0.013895 
0.021967 0.011038 0.021967 0.000109 0.011038 0.032896 0.054754 0.011038 0.011038 0.011038 0.021967 0.043825 0.011038 0.021967 0.021967 0.021967 0.011038 0.032896 0.021967 0.021967 0.011038 0.000109 0.043825 0.011038 0.032896 0.000109 0.011038 0.011038 0.021967 0.032896 0.043825 0.021967 0.021967 0.021967 0.011038 0.021967 0.000109 0.011038 0.032896 0.032896 0.011038 0.000109 0.021967 0.032896 0.021967 0.021967 0.011038 0.043825 0.000109 0.021967 
