6 11 8 10 14 7 16 8 13 14 13 8 9 9 11 11 10 9 15 8 7 15 12 13 7 8 6 7 8 12 12 7 9 14 3 7 19 12 16 9 10 7 12 7 5 9 8 14 9 8 
3 8 5 11 14 6 8 8 14 9 13 6 11 8 11 9 14 13 16 10 10 16 8 9 9 15 14 10 9 12 13 11 8 8 15 15 7 7 10 9 10 8 9 12 7 9 10 11 12 7 
10 8 12 10 6 10 8 6 11 8 19 15 11 12 11 11 5 10 8 11 11 7 8 9 14 6 5 14 13 9 11 13 15 14 13 12 6 9 10 11 10 14 8 8 17 8 9 7 9 13 
18 9 7 8 12 7 15 8 7 9 11 6 5 13 7 14 12 11 11 15 12 10 17 11 14 15 9 12 6 4 12 8 8 6 11 11 10 12 11 8 9 11 4 7 10 12 8 8 9 8 
13 10 5 10 12 15 11 5 10 9 7 11 10 13 7 9 8 13 3 12 10 11 9 11 12 10 14 15 10 16 11 7 11 8 20 5 14 6 8 8 6 12 4 12 12 7 13 6 14 12 
9 9 5 10 7 9 6 16 15 14 12 12 8 4 4 17 13 5 9 5 10 12 8 9 9 11 13 13 12 13 11 10 9 4 7 7 9 14 14 11 13 7 10 10 7 10 11 14 10 14 
3 16 12 14 9 4 9 9 7 6 8 8 7 12 12 7 9 11 20 11 8 7 12 11 6 23 7 11 9 11 9 10 11 15 12 16 11 15 5 13 6 9 13 8 7 7 10 9 19 9 
17 4 5 17 14 15 12 10 13 4 8 9 7 10 13 11 14 9 6 12 6 5 9 9 11 7 9 10 12 16 12 6 6 12 13 10 5 9 17 10 10 14 7 19 14 6 5 7 13 8 
10 5 11 8 6 13 11 12 8 10 17 11 10 10 13 9 13 11 10 15 9 8 13 11 6 10 10 5 9 11 12 9 10 10 14 10 9 8 13 12 10 5 7 10 11 12 9 12 11 11 
10 11 11 6 14 9 10 11 16 10 8 9 13 6 10 7 14 11 11 9 10 9 10 11 13 6 13 13 11 7 10 8 9 6 7 12 7 10 12 10 9 9 13 16 11 8 8 12 7 8 
13 7 8 14 13 15 14 14 8 7 11 5 11 12 12 11 16 11 11 12 5 5 8 15 15 15 10 10 13 9 10 7 5 12 8 9 12 9 6 8 11 10 4 11 13 9 10 8 11 9 
8 9 13 12 9 13 13 9 15 9 15 8 16 11 8 8 12 11 12 12 12 12 12 5 8 12 8 3 8 9 11 9 7 15 13 11 7 14 4 9 8 10 8 9 8 6 18 9 9 7 
2 1 2 0 1 3 5 1 1 1 2 4 1 2 2 2 1 3 2 2 1 0 4 1 3 0 1 1 2 3 4 2 2 2 1 2 0 1 3 3 1 0 2 3 2 2 1 4 0 2 
