2 5 8 3 7 8 5 11 2 13 5 11 34 11 8 4 5 9 13 8 7 5 7 4 27 6 1 7 11 13 1 10 10 4 6 6 5 26 6 14 5 6 30 3 5 2 11 4 9 0 
9 6 13 4 4 5 4 7 5 16 4 5 25 8 0 7 2 11 11 13 1 6 8 2 34 3 5 3 15 13 4 9 9 0 9 7 5 22 7 10 14 6 39 7 6 5 11 5 2 6 
15 1 11 3 10 6 3 10 4 11 2 11 16 12 6 1 4 12 15 7 2 4 2 3 24 5 2 2 18 12 7 10 10 8 8 5 1 26 3 18 12 10 50 8 9 4 9 13 6 5 
7 4 3 1 12 6 8 6 7 12 9 12 14 4 8 3 4 5 18 5 6 7 10 5 29 7 2 3 18 10 6 20 8 1 9 2 1 26 2 16 4 4 44 11 13 4 9 10 0 0 
9 4 8 1 4 6 4 7 1 18 11 12 17 13 5 2 5 11 9 9 5 8 3 2 25 4 3 2 9 14 1 16 9 9 4 3 11 30 1 18 8 4 56 9 12 6 9 6 6 1 
10 4 3 2 2 12 4 7 5 18 2 6 30 15 3 2 2 6 17 5 2 5 5 6 22 2 1 6 15 24 2 7 7 4 1 7 1 37 3 12 6 8 58 3 23 9 4 4 5 1 
15 1 7 0 3 5 1 4 1 35 8 4 26 10 3 2 5 14 4 11 2 13 5 3 31 1 1 3 10 18 3 6 8 4 1 2 5 30 2 18 14 18 61 9 16 2 7 9 2 7 
14 0 8 3 2 9 4 5 1 21 7 8 25 29 5 1 5 10 8 14 1 3 4 4 21 2 2 12 16 7 3 4 5 1 1 3 3 23 6 27 13 4 60 15 21 2 6 6 2 1 
8 4 14 2 4 6 11 3 6 13 6 15 20 19 4 3 1 13 8 5 2 8 1 4 30 3 3 5 6 5 4 9 4 1 2 6 7 19 0 27 5 8 71 2 18 3 15 8 3 1 
18 8 11 2 9 4 1 7 1 10 2 8 21 16 3 1 2 11 14 5 4 9 9 14 30 2 4 0 15 3 8 7 4 1 1 4 3 23 3 16 6 2 48 5 14 6 8 4 4 3 
5 4 11 5 9 4 1 6 2 15 4 9 24 12 6 3 6 8 26 8 0 14 3 10 25 4 5 7 16 4 2 10 7 4 2 10 1 15 1 14 2 9 38 8 12 7 10 7 2 4 
7 5 11 2 2 10 4 13 2 10 7 8 31 10 4 4 0 7 20 7 4 9 7 5 28 10 5 0 16 6 6 8 7 3 2 6 5 23 3 5 12 16 34 11 14 3 5 10 3 2 
3 2 1 0 1 0 1 1 1 2 2 1 5 3 2 0 0 1 1 1 3 0 3 2 5 0 2 0 2 2 0 0 0 2 0 1 0 10 3 0 2 0 7 1 0 2 2 0 0 0 
